   3.0000000e-02   7.4737340e+00   1.2006505e+00   2.1775221e+03
   6.0000000e-02   3.3121750e-01   2.6365657e+00   9.6154522e+01
   9.0000000e-02   1.4866522e-01   4.1182615e+00   4.2900776e+01
   1.2000000e-01   1.0239757e-01   1.2070293e+00   2.9304384e+01
   1.5000000e-01   9.4428076e-02   8.3247667e-01   2.6739066e+01
   1.8000000e-01   1.2597698e-01   8.2697055e-01   3.5219843e+01
   2.1000000e-01   8.4257312e-01   1.2572221e+00   2.3208321e+02
   2.4000000e-01   1.0542553e-01   1.0645474e+01   2.8553246e+01
   2.7000000e-01   4.3744110e-02   1.1198389e+00   1.1627481e+01
   3.0000000e-01   2.7067572e-02   6.2548219e-01   7.0486628e+00
   3.3000000e-01   2.0363847e-02   5.9424001e-01   5.1867859e+00
   3.6000000e-01   1.7760868e-02   1.3657398e+00   4.4180384e+00
   3.9000000e-01   1.8565522e-02   6.1398018e-01   4.5040351e+00
   4.2000000e-01   1.0142896e-02   1.8554391e-01   2.3968706e+00
   4.5000000e-01   2.1088718e-02   9.6900397e-02   4.8488248e+00
   4.8000000e-01   4.2814527e-02   6.3783269e-02   9.5686516e+00
   5.1000000e-01   2.7444782e-01   4.9458312e-02   5.9568349e+01
   5.4000000e-01   3.2454458e-02   4.5001851e-02   6.8359755e+00
   5.7000000e-01   1.8353656e-02   5.0931611e-02   3.7492331e+00
   6.0000000e-01   1.4185368e-02   9.5467572e-02   2.8088244e+00
   6.3000000e-01   1.3240381e-02   1.1389854e-01   2.5401763e+00
   6.6000000e-01   1.4793103e-02   2.7817681e-02   2.7488955e+00
   6.9000000e-01   2.3193474e-02   1.3767052e-02   4.1731149e+00
   7.2000000e-01   3.3497943e-02   8.6395608e-03   5.8372807e+00
   7.5000000e-01   3.8350256e-01   6.2635576e-03   6.4694037e+01
   7.8000000e-01   3.5712606e-02   5.1169834e-03   5.8328987e+00
   8.1000000e-01   2.3057757e-02   4.7453288e-03   3.6637601e+00
   8.4000000e-01   3.6699775e-02   5.2505572e-03   5.6368015e+00
   8.7000000e-01   5.2103883e-02   8.4162766e-03   7.8019494e+00
   9.0000000e-01   2.0534036e-02   2.6089395e-02   2.8800425e+00
   9.3000000e-01   7.5183818e-03   4.1094607e-03   1.0287103e+00
   9.6000000e-01   4.2782667e-03   1.8892831e-03   5.6911731e-01
   9.9000000e-01   3.0880438e-03   1.1678473e-03   3.9857880e-01
   1.0200000e+00   2.6245420e-03   8.6627917e-04   3.2851641e-01
   1.0500000e+00   2.6288748e-03   7.7194610e-04   3.1909294e-01
   1.0800000e+00   3.3224017e-03   9.3285489e-04   3.9110658e-01
   1.1100000e+00   7.4597092e-03   2.8211726e-03   8.5183237e-01
   1.1400000e+00   8.6924372e-03   4.7070636e-04   9.6312214e-01
   1.1700000e+00   2.5162423e-03   1.6148427e-04   2.7060415e-01
   1.2000000e+00   1.5436695e-03   7.5781885e-05   1.6118501e-01
   1.2300000e+00   1.3079634e-03   4.0851647e-05   1.3265050e-01
   1.2600000e+00   1.5716870e-03   2.3894901e-05   1.5487575e-01
   1.2900000e+00   5.4233759e-03   1.4774106e-05   5.1946616e-01
   1.3200000e+00   1.7726573e-03   9.5180258e-06   1.6510208e-01
   1.3500000e+00   7.5357576e-04   6.3325543e-06   6.8275971e-02
   1.3800000e+00   7.2411285e-04   4.3252525e-06   6.3846300e-02
   1.4100000e+00   1.0540507e-03   3.0200218e-06   9.0480812e-02
   1.4400000e+00   1.2391509e-04   2.1488914e-06   1.0360076e-02
   1.4700000e+00   4.0120037e-05   1.5544630e-06   3.2683066e-03
   1.5000000e+00   1.6964980e-05   1.1409945e-06   1.3471532e-03
   1.5300000e+00   8.2172979e-06   8.4851234e-07   6.3631830e-04
   1.5600000e+00   4.3385397e-06   6.3849326e-07   3.2775560e-04
   1.5900000e+00   2.4353400e-06   4.8564586e-07   1.7955867e-04
   1.6200000e+00   1.4322306e-06   3.7304368e-07   1.0310470e-04
   1.6500000e+00   8.7414052e-07   2.8916311e-07   6.1467180e-05
   1.6800000e+00   5.5005625e-07   2.2603738e-07   3.7795715e-05
   1.7100000e+00   3.5514834e-07   1.7808159e-07   2.3855834e-05
   1.7400000e+00   2.3443134e-07   1.4133062e-07   1.5400139e-05
   1.7700000e+00   1.5776051e-07   1.1293644e-07   1.0139233e-05
   1.8000000e+00   1.0798866e-07   9.0831317e-08   6.7928994e-06
   1.8300000e+00   7.5051279e-08   7.3499083e-08   4.6224946e-06
   1.8600000e+00   5.2878308e-08   5.9817662e-08   3.1901191e-06
   1.8900000e+00   3.7720867e-08   4.8949455e-08   2.2299256e-06
   1.9200000e+00   2.7214397e-08   4.0264140e-08   1.5770799e-06
   1.9500000e+00   1.9839156e-08   3.3283769e-08   1.1274309e-06
   1.9800000e+00   1.4601702e-08   2.7643326e-08   8.1404043e-07
   2.0100000e+00   1.0842558e-08   2.3062156e-08   5.9321563e-07
   2.0400000e+00   8.1177744e-09   1.9323082e-08   4.3603087e-07
   2.0700000e+00   6.1246114e-09   1.6257025e-08   3.2308581e-07
   2.1000000e+00   4.6541670e-09   1.3731589e-08   2.4121183e-07
   2.1300000e+00   3.5606941e-09   1.1642534e-08   1.8136997e-07
   2.1600000e+00   2.7414679e-09   9.9073522e-09   1.3729141e-07
   2.1900000e+00   2.1233923e-09   8.4604149e-09   1.0458608e-07
   2.2200000e+00   1.6539907e-09   7.2492646e-09   8.0151709e-08
   2.2500000e+00   1.2952726e-09   6.2317806e-09   6.1777209e-08
   2.2800000e+00   1.0195186e-09   5.3739925e-09   4.7873994e-08
   2.3100000e+00   8.0635304e-10   4.6483872e-09   3.7292011e-08
   2.3400000e+00   6.4069338e-10   4.0325905e-09   2.9192709e-08
   2.3700000e+00   5.1130105e-10   3.5083360e-09   2.2960466e-08
   2.4000000e+00   4.0974904e-10   3.0606549e-09   1.8140403e-08
   2.4300000e+00   3.2968070e-10   2.6772357e-09   1.4394331e-08
   2.4600000e+00   2.6627382e-10   2.3479169e-09   1.1469337e-08
   2.4900000e+00   2.1585041e-10   2.0642835e-09   9.1752189e-09
   2.5200000e+00   1.7559063e-10   1.8193434e-09   7.3681678e-09
   2.5500000e+00   1.4332192e-10   1.6072688e-09   5.9388899e-09
   2.5800000e+00   1.1736245e-10   1.4231873e-09   4.8039154e-09
   2.6100000e+00   9.6404424e-11   1.2630130e-09   3.8991935e-09
   2.6400000e+00   7.9426430e-11   1.1233099e-09   3.1753516e-09
   2.6700000e+00   6.5627425e-11   1.0011804e-09   2.5941654e-09
   2.7000000e+00   5.4376660e-11   8.9417403e-10   2.1259163e-09
   2.7300000e+00   4.5175565e-11   8.0021346e-10   1.7474057e-09
   2.7600000e+00   3.7628582e-11   7.1753282e-10   1.4404529e-09
   2.7900000e+00   3.1420757e-11   6.4462742e-10   1.1907563e-09
   2.8200000e+00   2.6300458e-11   5.8021196e-10   9.8702480e-10
   2.8500000e+00   2.2065965e-11   5.2318600e-10   8.2031226e-10
   2.8800000e+00   1.8555054e-11   4.7260520e-10   6.8350647e-10
   2.9100000e+00   1.5636858e-11   4.2765736e-10   5.7093451e-10
   2.9400000e+00   1.3205488e-11   3.8764243e-10   4.7805694e-10
   2.9700000e+00   1.1175015e-11   3.5195573e-10   4.0123003e-10
   3.0000000e+00   9.4755150e-12   3.2007389e-10   3.3752027e-10
   3.0300000e+00   8.0499282e-12   2.9154300e-10   2.8455895e-10
   3.0600000e+00   6.8515722e-12   2.6596863e-10   2.4042804e-10
   3.0900000e+00   5.8421544e-12   2.4300734e-10   2.0357010e-10
   3.1200000e+00   4.9901882e-12   2.2235959e-10   1.7271718e-10
   3.1500000e+00   4.2697192e-12   2.0376360e-10   1.4683422e-10
   3.1800000e+00   3.6593033e-12   1.8699020e-10   1.2507418e-10
   3.2100000e+00   3.1411830e-12   1.7183843e-10   1.0674217e-10
   3.2400000e+00   2.7006202e-12   1.5813173e-10   9.1266719e-11
   3.2700000e+00   2.3253573e-12   1.4571477e-10   7.8176791e-11
   3.3000000e+00   2.0051775e-12   1.3445062e-10   6.7083199e-11
   3.3300000e+00   1.7315481e-12   1.2421843e-10   5.7663705e-11
   3.3600000e+00   1.4973287e-12   1.1491133e-10   4.9650896e-11
   3.3900000e+00   1.2965324e-12   1.0643469e-10   4.2822395e-11
   3.4200000e+00   1.1241297e-12   9.8704611e-11   3.6992890e-11
   3.4500000e+00   9.7588811e-13   9.1646553e-11   3.2007643e-11
   3.4800000e+00   8.4823921e-13   8.5194235e-11   2.7737191e-11
   3.5100000e+00   7.3816916e-13   7.9288621e-11   2.4073007e-11
   3.5400000e+00   6.4312827e-13   7.3877057e-11   2.0923940e-11
   3.5700000e+00   5.6095589e-13   6.8912521e-11   1.8213295e-11
   3.6000000e+00   4.8981807e-13   6.4352960e-11   1.5876421e-11
   3.6300000e+00   4.2815570e-13   6.0160722e-11   1.3858723e-11
   3.6600000e+00   3.7464129e-13   5.6302046e-11   1.2114020e-11
   3.6900000e+00   3.2814281e-13   5.2746627e-11   1.0603178e-11
   3.7200000e+00   2.8769354e-13   4.9467228e-11   9.2929857e-12
   3.7500000e+00   2.5246667e-13   4.6439338e-11   8.1552046e-12
   3.7800000e+00   2.2175413e-13   4.3640875e-11   7.1657921e-12
   3.8100000e+00   1.9494865e-13   4.1051921e-11   6.3042430e-12
   3.8400000e+00   1.7152871e-13   3.8654490e-11   5.5530433e-12
   3.8700000e+00   1.5104586e-13   3.6432323e-11   4.8972109e-12
   3.9000000e+00   1.3311399e-13   3.4370706e-11   4.3239109e-12
   3.9300000e+00   1.1740023e-13   3.2456309e-11   3.8221319e-12
   3.9600000e+00   1.0361724e-13   3.0677040e-11   3.3824133e-12
   3.9900000e+00   9.1516743e-14   2.9021923e-11   2.9966160e-12
   4.0200000e+00   8.0883882e-14   2.7480984e-11   2.6577277e-12
   4.0500000e+00   7.1532568e-14   2.6045148e-11   2.3596993e-12
   4.0800000e+00   6.3301414e-14   2.4706151e-11   2.0973053e-12
   4.1100000e+00   5.6050318e-14   2.3456463e-11   1.8660260e-12
   4.1400000e+00   4.9657514e-14   2.2289211e-11   1.6619473e-12
   4.1700000e+00   4.4017065e-14   2.1198120e-11   1.4816750e-12
   4.2000000e+00   3.9036707e-14   2.0177456e-11   1.3222624e-12
   4.2300000e+00   3.4636005e-14   1.9221971e-11   1.1811482e-12
   4.2600000e+00   3.0744767e-14   1.8326861e-11   1.0561032e-12
   4.2900000e+00   2.7301676e-14   1.7487722e-11   9.4518535e-13
   4.3200000e+00   2.4253124e-14   1.6700517e-11   8.4670040e-13
   4.3500000e+00   2.1552191e-14   1.5961537e-11   7.5916895e-13
   4.3800000e+00   1.9157778e-14   1.5267377e-11   6.8129762e-13
   4.4100000e+00   1.7033854e-14   1.4614905e-11   6.1195444e-13
   4.4400000e+00   1.5148799e-14   1.4001240e-11   5.5014763e-13
   4.4700000e+00   1.3474842e-14   1.3423727e-11   4.9500738e-13
   4.5000000e+00   1.1987575e-14   1.2879921e-11   4.4576997e-13
   4.5300000e+00   1.0665523e-14   1.2367567e-11   4.0176419e-13
   4.5600000e+00   9.4897805e-15   1.1884583e-11   3.6239954e-13
   4.5900000e+00   8.4436896e-15   1.1429046e-11   3.2715599e-13
   4.6200000e+00   7.5125611e-15   1.0999180e-11   2.9557514e-13
   4.6500000e+00   6.6834327e-15   1.0593342e-11   2.6725250e-13
   4.6800000e+00   5.9448574e-15   1.0210011e-11   2.4183085e-13
   4.7100000e+00   5.2867191e-15   9.8477805e-12   2.1899437e-13
   4.7400000e+00   4.7000718e-15   9.5053455e-12   1.9846364e-13
   4.7700000e+00   4.1769985e-15   9.1814973e-12   1.7999117e-13
   4.8000000e+00   3.7104885e-15   8.8751146e-12   1.6335758e-13
   4.8300000e+00   3.2943294e-15   8.5851571e-12   1.4836824e-13
   4.8600000e+00   2.9230126e-15   8.3106590e-12   1.3485032e-13
   4.8900000e+00   2.5916507e-15   8.0507232e-12   1.2265020e-13
   4.9200000e+00   2.2959051e-15   7.8045164e-12   1.1163125e-13
   4.9500000e+00   2.0319213e-15   7.5712640e-12   1.0167182e-13
   4.9800000e+00   1.7962737e-15   7.3502460e-12   9.2663549e-14
   5.0100000e+00   1.5859160e-15   7.1407929e-12   8.4509778e-14
   5.0400000e+00   1.3981372e-15   6.9422820e-12   7.7124261e-14
   5.0700000e+00   1.2305241e-15   6.7541342e-12   7.0429972e-14
   5.1000000e+00   1.0809273e-15   6.5758111e-12   6.4358058e-14
   5.1300000e+00   9.4743098e-16   6.4068117e-12   5.8846930e-14
   5.1600000e+00   8.2832734e-16   6.2466706e-12   5.3841454e-14
   5.1900000e+00   7.2209287e-16   6.0949549e-12   4.9292238e-14
   5.2200000e+00   6.2736796e-16   5.9512631e-12   4.5155001e-14
   5.2500000e+00   5.4293878e-16   5.8152220e-12   4.1390012e-14
   5.2800000e+00   4.6772117e-16   5.6864861e-12   3.7961602e-14
   5.3100000e+00   4.0074638e-16   5.5647351e-12   3.4837724e-14
   5.3400000e+00   3.4114847e-16   5.4496733e-12   3.1989561e-14
   5.3700000e+00   2.8815315e-16   5.3410277e-12   2.9391190e-14
   5.4000000e+00   2.4106778e-16   5.2385473e-12   2.7019267e-14
   5.4300000e+00   1.9927260e-16   5.1420017e-12   2.4852762e-14
   5.4600000e+00   1.6221291e-16   5.0511809e-12   2.2872717e-14
   5.4900000e+00   1.2939214e-16   4.9658937e-12   2.1062027e-14
   5.5200000e+00   1.0036570e-16   4.8859681e-12   1.9405250e-14
   5.5500000e+00   7.4735742e-17   4.8112498e-12   1.7888438e-14
   5.5800000e+00   5.2146828e-17   4.7416028e-12   1.6498984e-14
   5.6100000e+00   3.2284147e-17   4.6769084e-12   1.5225484e-14
   5.6400000e+00   1.4888010e-17   4.6170658e-12   1.4057617e-14
   5.6700000e+00   1.7839375e-18   4.5619915e-12   1.2986037e-14
   5.7000000e+00   1.3928543e-17   4.5116202e-12   1.2002276e-14
   5.7300000e+00   2.5479617e-17   4.4659048e-12   1.1098654e-14
   5.7600000e+00   3.5513085e-17   4.4248170e-12   1.0268206e-14
   5.7900000e+00   4.4171873e-17   4.3883483e-12   9.5046067e-15
   5.8200000e+00   5.1600549e-17   4.3565112e-12   8.8021131e-15
   5.8500000e+00   5.7931559e-17   4.3293399e-12   8.1555052e-15
   5.8800000e+00   6.3284504e-17   4.3068927e-12   7.5600360e-15
   5.9100000e+00   6.7766974e-17   4.2892538e-12   7.0113868e-15
   5.9400000e+00   7.1475617e-17   4.2765356e-12   6.5056262e-15
   5.9700000e+00   7.4497193e-17   4.2688821e-12   6.0391730e-15
   6.0000000e+00   7.6909560e-17   4.2664723e-12   5.6087636e-15
   6.0300000e+00   7.8782560e-17   4.2695252e-12   5.2114225e-15
   6.0600000e+00   8.0178829e-17   4.2783047e-12   4.8444345e-15
   6.0900000e+00   8.1154525e-17   4.2931266e-12   4.5053216e-15
   6.1200000e+00   8.1759987e-17   4.3143669e-12   4.1918206e-15
   6.1500000e+00   8.2040310e-17   4.3424716e-12   3.9018634e-15
   6.1800000e+00   8.2035891e-17   4.3779694e-12   3.6335596e-15
   6.2100000e+00   8.1782888e-17   4.4214868e-12   3.3851798e-15
   6.2400000e+00   8.1313659e-17   4.4737677e-12   3.1551415e-15
   6.2700000e+00   8.0657139e-17   4.5356980e-12   2.9419959e-15
   6.3000000e+00   7.9839188e-17   4.6083360e-12   2.7444156e-15
   6.3300000e+00   7.8882901e-17   4.6929529e-12   2.5611843e-15
   6.3600000e+00   7.7808884e-17   4.7910842e-12   2.3911866e-15
   6.3900000e+00   7.6635514e-17   4.9045976e-12   2.2333995e-15
   6.4200000e+00   7.5379152e-17   5.0357835e-12   2.0868839e-15
   6.4500000e+00   7.4054357e-17   5.1874769e-12   1.9507776e-15
   6.4800000e+00   7.2674065e-17   5.3632242e-12   1.8242885e-15
   6.5100000e+00   7.1249752e-17   5.5675157e-12   1.7066886e-15
   6.5400000e+00   6.9791586e-17   5.8061171e-12   1.5973087e-15
   6.5700000e+00   6.8308558e-17   6.0865496e-12   1.4955331e-15
   6.6000000e+00   6.6808601e-17   6.4188077e-12   1.4007951e-15
   6.6300000e+00   6.5298704e-17   6.8164584e-12   1.3125731e-15
   6.6600000e+00   6.3785002e-17   7.2983859e-12   1.2303864e-15
   6.6900000e+00   6.2272868e-17   7.8916704e-12   1.1537924e-15
   6.7200000e+00   6.0766994e-17   8.6365641e-12   1.0823829e-15
   6.7500000e+00   5.9271458e-17   9.5955944e-12   1.0157813e-15
   6.7800000e+00   5.7789789e-17   1.0871430e-11   9.5364025e-16
   6.8100000e+00   5.6325028e-17   1.2645229e-11   8.9563918e-16
   6.8400000e+00   5.4879776e-17   1.5269331e-11   8.4148202e-16
   6.8700000e+00   5.3456245e-17   1.9531941e-11   7.9089522e-16
   6.9000000e+00   5.2056294e-17   2.7632784e-11   7.4362601e-16
   6.9300000e+00   5.0681474e-17   4.8903717e-11   6.9944069e-16
   6.9600000e+00   4.9333060e-17   2.5239405e-10   6.5812310e-16
   6.9900000e+00   4.8012078e-17   7.5276389e-11   6.1947324e-16
   7.0200000e+00   4.6719336e-17   3.1943544e-11   5.8330597e-16
   7.0500000e+00   4.5455451e-17   1.9954216e-11   5.4944987e-16
   7.0800000e+00   4.4220867e-17   1.4341656e-11   5.1774614e-16
   7.1100000e+00   4.3015876e-17   1.1091895e-11   4.8804759e-16
   7.1400000e+00   4.1840641e-17   8.9754126e-12   4.6021782e-16
   7.1700000e+00   4.0695203e-17   7.4895480e-12   4.3413029e-16
   7.2000000e+00   3.9579506e-17   6.3905408e-12   4.0966762e-16
   7.2300000e+00   3.8493402e-17   5.5458633e-12   3.8672088e-16
   7.2600000e+00   3.7436667e-17   4.8772727e-12   3.6518892e-16
   7.2900000e+00   3.6409009e-17   4.3356003e-12   3.4497781e-16
   7.3200000e+00   3.5410082e-17   3.8883964e-12   3.2600027e-16
   7.3500000e+00   3.4439487e-17   3.5133823e-12   3.0817519e-16
   7.3800000e+00   3.3496787e-17   3.1947555e-12   2.9142715e-16
   7.4100000e+00   3.2581508e-17   2.9209973e-12   2.7568603e-16
   7.4400000e+00   3.1693148e-17   2.6835134e-12   2.6088654e-16
   7.4700000e+00   3.0831184e-17   2.4757624e-12   2.4696797e-16
   7.5000000e+00   2.9995072e-17   2.2926774e-12   2.3387376e-16
   7.5300000e+00   2.9184254e-17   2.1302735e-12   2.2155125e-16
   7.5600000e+00   2.8398162e-17   1.9853736e-12   2.0995138e-16
   7.5900000e+00   2.7636220e-17   1.8554141e-12   1.9902842e-16
   7.6200000e+00   2.6897850e-17   1.7383040e-12   1.8873974e-16
   7.6500000e+00   2.6182469e-17   1.6323206e-12   1.7904559e-16
   7.6800000e+00   2.5489497e-17   1.5360326e-12   1.6990889e-16
   7.7100000e+00   2.4818356e-17   1.4482406e-12   1.6129502e-16
   7.7400000e+00   2.4168471e-17   1.3679324e-12   1.5317169e-16
   7.7700000e+00   2.3539273e-17   1.2942481e-12   1.4550874e-16
   7.8000000e+00   2.2930203e-17   1.2264523e-12   1.3827798e-16
   7.8300000e+00   2.2340706e-17   1.1639126e-12   1.3145309e-16
   7.8600000e+00   2.1770239e-17   1.1060824e-12   1.2500948e-16
   7.8900000e+00   2.1218267e-17   1.0524865e-12   1.1892414e-16
   7.9200000e+00   2.0684269e-17   1.0027104e-12   1.1317556e-16
   7.9500000e+00   2.0167731e-17   9.5639058e-13   1.0774362e-16
   7.9800000e+00   1.9668153e-17   9.1320722e-13   1.0260950e-16
   8.0100000e+00   1.9185048e-17   8.7287763e-13   9.7755558e-17
   8.0400000e+00   1.8717939e-17   8.3515123e-13   9.3165310e-17
   8.0700000e+00   1.8266364e-17   7.9980509e-13   8.8823299e-17
   8.1000000e+00   1.7829873e-17   7.6664027e-13   8.4715049e-17
   8.1300000e+00   1.7408029e-17   7.3547870e-13   8.0826996e-17
   8.1600000e+00   1.7000408e-17   7.0616057e-13   7.7146427e-17
   8.1900000e+00   1.6606600e-17   6.7854205e-13   7.3661422e-17
   8.2200000e+00   1.6226206e-17   6.5249334e-13   7.0360804e-17
   8.2500000e+00   1.5858844e-17   6.2789711e-13   6.7234089e-17
   8.2800000e+00   1.5504142e-17   6.0464694e-13   6.4271437e-17
   8.3100000e+00   1.5161743e-17   5.8264620e-13   6.1463619e-17
   8.3400000e+00   1.4831302e-17   5.6180692e-13   5.8801969e-17
   8.3700000e+00   1.4512488e-17   5.4204885e-13   5.6278350e-17
   8.4000000e+00   1.4204982e-17   5.2329865e-13   5.3885121e-17
   8.4300000e+00   1.3908479e-17   5.0548921e-13   5.1615107e-17
   8.4600000e+00   1.3622687e-17   4.8855896e-13   4.9461565e-17
   8.4900000e+00   1.3347327e-17   4.7245136e-13   4.7418162e-17
   8.5200000e+00   1.3082131e-17   4.5711438e-13   4.5478943e-17
   8.5500000e+00   1.2826847e-17   4.4250009e-13   4.3638316e-17
   8.5800000e+00   1.2581234e-17   4.2856426e-13   4.1891018e-17
   8.6100000e+00   1.2345065e-17   4.1526601e-13   4.0232108e-17
   8.6400000e+00   1.2118125e-17   4.0256753e-13   3.8656937e-17
   8.6700000e+00   1.1900213e-17   3.9043378e-13   3.7161135e-17
   8.7000000e+00   1.1691140e-17   3.7883226e-13   3.5740594e-17
   8.7300000e+00   1.1490734e-17   3.6773277e-13   3.4391453e-17
   8.7600000e+00   1.1298833e-17   3.5710726e-13   3.3110080e-17
   8.7900000e+00   1.1115291e-17   3.4692958e-13   3.1893065e-17
   8.8200000e+00   1.0939977e-17   3.3717540e-13   3.0737202e-17
   8.8500000e+00   1.0772773e-17   3.2782199e-13   2.9639481e-17
   8.8800000e+00   1.0613579e-17   3.1884814e-13   2.8597074e-17
   8.9100000e+00   1.0462310e-17   3.1023402e-13   2.7607332e-17
   8.9400000e+00   1.0318899e-17   3.0196109e-13   2.6667767e-17
   8.9700000e+00   1.0183295e-17   2.9401198e-13   2.5776050e-17
   9.0000000e+00   1.0055468e-17   2.8637038e-13   2.4930005e-17
   9.0300000e+00   9.9354088e-18   2.7902105e-13   2.4127596e-17
   9.0600000e+00   9.8231285e-18   2.7194962e-13   2.3366926e-17
   9.0900000e+00   9.7186634e-18   2.6514262e-13   2.2646231e-17
   9.1200000e+00   9.6220750e-18   2.5858738e-13   2.1963873e-17
   9.1500000e+00   9.5334533e-18   2.5227197e-13   2.1318342e-17
   9.1800000e+00   9.4529195e-18   2.4618515e-13   2.0708247e-17
   9.2100000e+00   9.3806294e-18   2.4031634e-13   2.0132318e-17
   9.2400000e+00   9.3167778e-18   2.3465556e-13   1.9589404e-17
   9.2700000e+00   9.2616023e-18   2.2919336e-13   1.9078471e-17
   9.3000000e+00   9.2153901e-18   2.2392086e-13   1.8598608e-17
   9.3300000e+00   9.1784837e-18   2.1882964e-13   1.8149025e-17
   9.3600000e+00   9.1512898e-18   2.1391174e-13   1.7729060e-17
   9.3900000e+00   9.1342882e-18   2.0915963e-13   1.7338185e-17
   9.4200000e+00   9.1280441e-18   2.0456619e-13   1.6976011e-17
   9.4500000e+00   9.1332218e-18   2.0012466e-13   1.6642307e-17
   9.4800000e+00   9.1506020e-18   1.9582864e-13   1.6337003e-17
   9.5100000e+00   9.1811033e-18   1.9167205e-13   1.6060220e-17
   9.5400000e+00   9.2258090e-18   1.8764914e-13   1.5812287e-17
   9.5700000e+00   9.2859984e-18   1.8375444e-13   1.5593773e-17
   9.6000000e+00   9.3631899e-18   1.7998275e-13   1.5405531e-17
   9.6300000e+00   9.4591919e-18   1.7632912e-13   1.5248741e-17
   9.6600000e+00   9.5761713e-18   1.7278886e-13   1.5124983e-17
   9.6900000e+00   9.7167390e-18   1.6935750e-13   1.5036319e-17
   9.7200000e+00   9.8840643e-18   1.6603079e-13   1.4985408e-17
   9.7500000e+00   1.0082027e-17   1.6280468e-13   1.4975659e-17
   9.7800000e+00   1.0315419e-17   1.5967530e-13   1.5011431e-17
   9.8100000e+00   1.0590223e-17   1.5663897e-13   1.5098316e-17
   9.8400000e+00   1.0913995e-17   1.5369219e-13   1.5243528e-17
   9.8700000e+00   1.1296419e-17   1.5083162e-13   1.5456458e-17
   9.9000000e+00   1.1750091e-17   1.4805405e-13   1.5749468e-17
   9.9300000e+00   1.2291695e-17   1.4535644e-13   1.6139091e-17
   9.9600000e+00   1.2943803e-17   1.4273587e-13   1.6647838e-17
   9.9900000e+00   1.3737700e-17   1.4018957e-13   1.7307075e-17
   1.0020000e+01   1.4718028e-17   1.3771486e-13   1.8161719e-17
   1.0050000e+01   1.5950736e-17   1.3530921e-13   1.9278296e-17
   1.0080000e+01   1.7537502e-17   1.3297018e-13   2.0759556e-17
   1.0110000e+01   1.9643668e-17   1.3069543e-13   2.2772781e-17
   1.0140000e+01   2.2557257e-17   1.2848275e-13   2.5609587e-17
   1.0170000e+01   2.6828539e-17   1.2633000e-13   2.9827347e-17
   1.0200000e+01   3.3655999e-17   1.2423512e-13   3.6640278e-17
   1.0230000e+01   4.6236513e-17   1.2219616e-13   4.9287438e-17
   1.0260000e+01   7.6866707e-17   1.2021124e-13   8.0226779e-17
   1.0290000e+01   2.5173669e-16   1.1827855e-13   2.5723575e-16
   1.0320000e+01   1.5881660e-16   1.1639637e-13   1.5887554e-16
   1.0350000e+01   6.0053528e-17   1.1456303e-13   5.8809480e-17
   1.0380000e+01   3.6044880e-17   1.1277695e-13   3.4551756e-17
   1.0410000e+01   2.5295333e-17   1.1103659e-13   2.3733043e-17
   1.0440000e+01   1.9215519e-17   1.0934048e-13   1.7644895e-17
   1.0470000e+01   1.5314991e-17   1.0768722e-13   1.3762702e-17
   1.0500000e+01   1.2606260e-17   1.0607544e-13   1.1085566e-17
   1.0530000e+01   1.0619841e-17   1.0450385e-13   9.1377135e-18
   1.0560000e+01   9.1040339e-18   1.0297118e-13   7.6641336e-18
   1.0590000e+01   7.9117773e-18   1.0147624e-13   6.5158821e-18
   1.0620000e+01   6.9514032e-18   1.0001786e-13   5.6001589e-18
   1.0650000e+01   6.1628056e-18   9.8594926e-14   4.8561513e-18
   1.0680000e+01   5.5049374e-18   9.7206363e-14   4.2423602e-18
   1.0710000e+01   4.9488141e-18   9.5851134e-14   3.7295083e-18
   1.0740000e+01   4.4733878e-18   9.4528245e-14   3.2963584e-18
   1.0770000e+01   4.0630069e-18   9.3236733e-14   2.9271384e-18
   1.0800000e+01   3.7057923e-18   9.1975674e-14   2.6098957e-18
   1.0830000e+01   3.3925664e-18   9.0744176e-14   2.3354120e-18
   1.0860000e+01   3.1161281e-18   8.9541379e-14   2.0964682e-18
   1.0890000e+01   2.8707481e-18   8.8366452e-14   1.8873334e-18
   1.0920000e+01   2.6518125e-18   8.7218597e-14   1.7034038e-18
   1.0950000e+01   2.4555645e-18   8.6097042e-14   1.5409406e-18
   1.0980000e+01   2.2789145e-18   8.5001041e-14   1.3968787e-18
   1.1010000e+01   2.1192991e-18   8.3929877e-14   1.2686829e-18
   1.1040000e+01   1.9745742e-18   8.2882855e-14   1.1542400e-18
   1.1070000e+01   1.8429326e-18   8.1859305e-14   1.0517757e-18
   1.1100000e+01   1.7228412e-18   8.0858580e-14   9.5979086e-19
   1.1130000e+01   1.6129906e-18   7.9880055e-14   8.7701070e-19
   1.1160000e+01   1.5122568e-18   7.8923125e-14   8.0234567e-19
   1.1190000e+01   1.4196691e-18   7.7987207e-14   7.3485959e-19
   1.1220000e+01   1.3343852e-18   7.7071736e-14   6.7374436e-19
   1.1250000e+01   1.2556712e-18   7.6176167e-14   6.1829935e-19
   1.1280000e+01   1.1828844e-18   7.5299972e-14   5.6791470e-19
   1.1310000e+01   1.1154599e-18   7.4442640e-14   5.2205755e-19
   1.1340000e+01   1.0528994e-18   7.3603679e-14   4.8026067e-19
   1.1370000e+01   9.9476181e-19   7.2782610e-14   4.4211308e-19
   1.1400000e+01   9.4065519e-19   7.1978971e-14   4.0725213e-19
   1.1430000e+01   8.9023034e-19   7.1192314e-14   3.7535692e-19
   1.1460000e+01   8.4317522e-19   7.0422207e-14   3.4614273e-19
   1.1490000e+01   7.9921015e-19   6.9668229e-14   3.1935630e-19
   1.1520000e+01   7.5808387e-19   6.8929975e-14   2.9477182e-19
   1.1550000e+01   7.1957006e-19   6.8207051e-14   2.7218748e-19
   1.1580000e+01   6.8346438e-19   6.7499075e-14   2.5142257e-19
   1.1610000e+01   6.4958194e-19   6.6805679e-14   2.3231495e-19
   1.1640000e+01   6.1775508e-19   6.6126504e-14   2.1471882e-19
   1.1670000e+01   5.8783147e-19   6.5461204e-14   1.9850289e-19
   1.1700000e+01   5.5967244e-19   6.4809441e-14   1.8354872e-19
   1.1730000e+01   5.3315151e-19   6.4170890e-14   1.6974927e-19
   1.1760000e+01   5.0815315e-19   6.3545235e-14   1.5700768e-19
   1.1790000e+01   4.8457160e-19   6.2932169e-14   1.4523616e-19
   1.1820000e+01   4.6230996e-19   6.2331393e-14   1.3435503e-19
   1.1850000e+01   4.4127925e-19   6.1742620e-14   1.2429189e-19
   1.1880000e+01   4.2139769e-19   6.1165570e-14   1.1498083e-19
   1.1910000e+01   4.0258998e-19   6.0599969e-14   1.0636185e-19
   1.1940000e+01   3.8478671e-19   6.0045555e-14   9.8380193e-20
   1.1970000e+01   3.6792380e-19   5.9502072e-14   9.0985865e-20
   1.2000000e+01   3.5194206e-19   5.8969270e-14   8.4133179e-20
   1.2030000e+01   3.3678670e-19   5.8446908e-14   7.7780328e-20
   1.2060000e+01   3.2240697e-19   5.7934751e-14   7.1889026e-20
   1.2090000e+01   3.0875580e-19   5.7432572e-14   6.6424175e-20
   1.2120000e+01   2.9578952e-19   5.6940150e-14   6.1353574e-20
   1.2150000e+01   2.8346753e-19   5.6457269e-14   5.6647653e-20
   1.2180000e+01   2.7175205e-19   5.5983720e-14   5.2279237e-20
   1.2210000e+01   2.6060795e-19   5.5519301e-14   4.8223335e-20
   1.2240000e+01   2.5000243e-19   5.5063813e-14   4.4456939e-20
   1.2270000e+01   2.3990495e-19   5.4617066e-14   4.0958863e-20
   1.2300000e+01   2.3028697e-19   5.4178872e-14   3.7709575e-20
   1.2330000e+01   2.2112182e-19   5.3749051e-14   3.4691062e-20
   1.2360000e+01   2.1238460e-19   5.3327427e-14   3.1886699e-20
   1.2390000e+01   2.0405195e-19   5.2913826e-14   2.9281132e-20
   1.2420000e+01   1.9610205e-19   5.2508084e-14   2.6860176e-20
   1.2450000e+01   1.8851441e-19   5.2110038e-14   2.4610713e-20
   1.2480000e+01   1.8126984e-19   5.1719529e-14   2.2520611e-20
   1.2510000e+01   1.7435030e-19   5.1336405e-14   2.0578638e-20
   1.2540000e+01   1.6773889e-19   5.0960516e-14   1.8774395e-20
   1.2570000e+01   1.6141969e-19   5.0591717e-14   1.7098248e-20
   1.2600000e+01   1.5537774e-19   5.0229866e-14   1.5541265e-20
   1.2630000e+01   1.4959899e-19   4.9874826e-14   1.4095165e-20
   1.2660000e+01   1.4407018e-19   4.9526462e-14   1.2752266e-20
   1.2690000e+01   1.3877883e-19   4.9184645e-14   1.1505436e-20
   1.2720000e+01   1.3371318e-19   4.8849246e-14   1.0348055e-20
   1.2750000e+01   1.2886213e-19   4.8520143e-14   9.2739743e-21
   1.2780000e+01   1.2421524e-19   4.8197216e-14   8.2774791e-21
   1.2810000e+01   1.1976260e-19   4.7880345e-14   7.3532592e-21
   1.2840000e+01   1.1549490e-19   4.7569419e-14   6.4963770e-21
   1.2870000e+01   1.1140331e-19   4.7264324e-14   5.7022407e-21
   1.2900000e+01   1.0747950e-19   4.6964954e-14   4.9665791e-21
   1.2930000e+01   1.0371558e-19   4.6671202e-14   4.2854184e-21
   1.2960000e+01   1.0010409e-19   4.6382965e-14   3.6550625e-21
   1.2990000e+01   9.6637964e-20   4.6100144e-14   3.0720740e-21
   1.3020000e+01   9.3310508e-20   4.5822641e-14   2.5332600e-21
   1.3050000e+01   9.0115385e-20   4.5550361e-14   2.0356629e-21
   1.3080000e+01   8.7046583e-20   4.5283210e-14   1.5765634e-21
   1.3110000e+01   8.4098402e-20   4.5021099e-14   1.1535200e-21
   1.3140000e+01   8.1265435e-20   4.4763940e-14   7.6455150e-22
   1.3170000e+01   7.8542550e-20   4.4511647e-14   4.0925560e-22
   1.3200000e+01   7.5924873e-20   4.4264136e-14   1.1048380e-22
   1.3230000e+01   7.3407777e-20   4.4021326e-14   2.4944389e-22
   1.3260000e+01   7.0986864e-20   4.3783137e-14   5.1990264e-22
   1.3290000e+01   6.8657955e-20   4.3549492e-14   7.7271030e-22
   1.3320000e+01   6.6417075e-20   4.3320316e-14   1.0049573e-21
   1.3350000e+01   6.4260445e-20   4.3095535e-14   1.2173616e-21
   1.3380000e+01   6.2184468e-20   4.2875076e-14   1.4110764e-21
   1.3410000e+01   6.0185721e-20   4.2658871e-14   1.5873047e-21
   1.3440000e+01   5.8260945e-20   4.2446851e-14   1.7472145e-21
   1.3470000e+01   5.6407036e-20   4.2238949e-14   1.8919157e-21
   1.3500000e+01   5.4621037e-20   4.2035101e-14   2.0224541e-21
   1.3530000e+01   5.2900131e-20   4.1835244e-14   2.1398115e-21
   1.3560000e+01   5.1241630e-20   4.1639315e-14   2.2449075e-21
   1.3590000e+01   4.9642974e-20   4.1447255e-14   2.3386034e-21
   1.3620000e+01   4.8101719e-20   4.1259006e-14   2.4217045e-21
   1.3650000e+01   4.6615535e-20   4.1074509e-14   2.4949641e-21
   1.3680000e+01   4.5182196e-20   4.0893710e-14   2.5590865e-21
   1.3710000e+01   4.3799579e-20   4.0716554e-14   2.6147301e-21
   1.3740000e+01   4.2465657e-20   4.0542989e-14   2.6625102e-21
   1.3770000e+01   4.1178491e-20   4.0372962e-14   2.7030022e-21
   1.3800000e+01   3.9936233e-20   4.0206423e-14   2.7367435e-21
   1.3830000e+01   3.8737113e-20   4.0043323e-14   2.7642364e-21
   1.3860000e+01   3.7579442e-20   3.9883615e-14   2.7859504e-21
   1.3890000e+01   3.6461603e-20   3.9727252e-14   2.8023241e-21
   1.3920000e+01   3.5382051e-20   3.9574188e-14   2.8137671e-21
   1.3950000e+01   3.4339307e-20   3.9424379e-14   2.8206621e-21
   1.3980000e+01   3.3331958e-20   3.9277782e-14   2.8233669e-21
   1.4010000e+01   3.2358649e-20   3.9134355e-14   2.8222151e-21
   1.4040000e+01   3.1418084e-20   3.8994057e-14   2.8175185e-21
   1.4070000e+01   3.0509023e-20   3.8856847e-14   2.8095683e-21
   1.4100000e+01   2.9630278e-20   3.8722688e-14   2.7986361e-21
   1.4130000e+01   2.8780710e-20   3.8591540e-14   2.7849756e-21
   1.4160000e+01   2.7959230e-20   3.8463368e-14   2.7688232e-21
   1.4190000e+01   2.7164792e-20   3.8338135e-14   2.7503998e-21
   1.4220000e+01   2.6396396e-20   3.8215806e-14   2.7299113e-21
   1.4250000e+01   2.5653080e-20   3.8096347e-14   2.7075494e-21
   1.4280000e+01   2.4933924e-20   3.7979725e-14   2.6834931e-21
   1.4310000e+01   2.4238045e-20   3.7865907e-14   2.6579092e-21
   1.4340000e+01   2.3564597e-20   3.7754862e-14   2.6309528e-21
   1.4370000e+01   2.2912766e-20   3.7646560e-14   2.6027686e-21
   1.4400000e+01   2.2281773e-20   3.7540970e-14   2.5734911e-21
   1.4430000e+01   2.1670869e-20   3.7438063e-14   2.5432454e-21
   1.4460000e+01   2.1079336e-20   3.7337812e-14   2.5121480e-21
   1.4490000e+01   2.0506483e-20   3.7240189e-14   2.4803070e-21
   1.4520000e+01   1.9951649e-20   3.7145167e-14   2.4478229e-21
   1.4550000e+01   1.9414195e-20   3.7052721e-14   2.4147890e-21
   1.4580000e+01   1.8893512e-20   3.6962825e-14   2.3812918e-21
   1.4610000e+01   1.8389012e-20   3.6875454e-14   2.3474115e-21
   1.4640000e+01   1.7900130e-20   3.6790586e-14   2.3132225e-21
   1.4670000e+01   1.7426322e-20   3.6708197e-14   2.2787936e-21
   1.4700000e+01   1.6967069e-20   3.6628265e-14   2.2441883e-21
   1.4730000e+01   1.6521867e-20   3.6550767e-14   2.2094654e-21
   1.4760000e+01   1.6090234e-20   3.6475684e-14   2.1746792e-21
   1.4790000e+01   1.5671707e-20   3.6402995e-14   2.1398797e-21
   1.4820000e+01   1.5265838e-20   3.6332679e-14   2.1051130e-21
   1.4850000e+01   1.4872199e-20   3.6264719e-14   2.0704214e-21
   1.4880000e+01   1.4490375e-20   3.6199095e-14   2.0358437e-21
   1.4910000e+01   1.4119969e-20   3.6135790e-14   2.0014158e-21
   1.4940000e+01   1.3760599e-20   3.6074787e-14   1.9671701e-21
   1.4970000e+01   1.3411895e-20   3.6016068e-14   1.9331365e-21
   1.5000000e+01   1.3073502e-20   3.5959618e-14   1.8993422e-21
   1.5030000e+01   1.2745079e-20   3.5905422e-14   1.8658118e-21
   1.5060000e+01   1.2426295e-20   3.5853464e-14   1.8325678e-21
   1.5090000e+01   1.2116835e-20   3.5803730e-14   1.7996305e-21
   1.5120000e+01   1.1816391e-20   3.5756206e-14   1.7670181e-21
   1.5150000e+01   1.1524670e-20   3.5710879e-14   1.7347471e-21
   1.5180000e+01   1.1241388e-20   3.5667737e-14   1.7028320e-21
   1.5210000e+01   1.0966270e-20   3.5626767e-14   1.6712859e-21
   1.5240000e+01   1.0699054e-20   3.5587957e-14   1.6401204e-21
   1.5270000e+01   1.0439485e-20   3.5551297e-14   1.6093456e-21
   1.5300000e+01   1.0187317e-20   3.5516776e-14   1.5789702e-21
   1.5330000e+01   9.9423148e-21   3.5484383e-14   1.5490021e-21
   1.5360000e+01   9.7042491e-21   3.5454109e-14   1.5194475e-21
   1.5390000e+01   9.4729003e-21   3.5425945e-14   1.4903119e-21
   1.5420000e+01   9.2480560e-21   3.5399883e-14   1.4615999e-21
   1.5450000e+01   9.0295113e-21   3.5375914e-14   1.4333149e-21
   1.5480000e+01   8.8170684e-21   3.5354031e-14   1.4054598e-21
   1.5510000e+01   8.6105364e-21   3.5334226e-14   1.3780365e-21
   1.5540000e+01   8.4097312e-21   3.5316493e-14   1.3510461e-21
   1.5570000e+01   8.2144748e-21   3.5300826e-14   1.3244894e-21
   1.5600000e+01   8.0245955e-21   3.5287218e-14   1.2983663e-21
   1.5630000e+01   7.8399274e-21   3.5275666e-14   1.2726762e-21
   1.5660000e+01   7.6603105e-21   3.5266163e-14   1.2474180e-21
   1.5690000e+01   7.4855899e-21   3.5258706e-14   1.2225902e-21
   1.5720000e+01   7.3156161e-21   3.5253290e-14   1.1981908e-21
   1.5750000e+01   7.1502449e-21   3.5249913e-14   1.1742173e-21
   1.5780000e+01   6.9893366e-21   3.5248572e-14   1.1506671e-21
   1.5810000e+01   6.8327565e-21   3.5249263e-14   1.1275370e-21
   1.5840000e+01   6.6803742e-21   3.5251985e-14   1.1048237e-21
   1.5870000e+01   6.5320638e-21   3.5256736e-14   1.0825234e-21
   1.5900000e+01   6.3877035e-21   3.5263516e-14   1.0606323e-21
   1.5930000e+01   6.2471755e-21   3.5272323e-14   1.0391463e-21
   1.5960000e+01   6.1103661e-21   3.5283158e-14   1.0180609e-21
   1.5990000e+01   5.9771652e-21   3.5296019e-14   9.9737183e-22
   1.6020000e+01   5.8474663e-21   3.5310909e-14   9.7707427e-22
   1.6050000e+01   5.7211665e-21   3.5327829e-14   9.5716346e-22
   1.6080000e+01   5.5981662e-21   3.5346779e-14   9.3763446e-22
   1.6110000e+01   5.4783689e-21   3.5367761e-14   9.1848225e-22
   1.6140000e+01   5.3616815e-21   3.5390779e-14   8.9970171e-22
   1.6170000e+01   5.2480137e-21   3.5415836e-14   8.8128761e-22
   1.6200000e+01   5.1372783e-21   3.5442933e-14   8.6323472e-22
   1.6230000e+01   5.0293907e-21   3.5472076e-14   8.4553768e-22
   1.6260000e+01   4.9242692e-21   3.5503269e-14   8.2819116e-22
   1.6290000e+01   4.8218345e-21   3.5536516e-14   8.1118974e-22
   1.6320000e+01   4.7220101e-21   3.5571823e-14   7.9452801e-22
   1.6350000e+01   4.6247217e-21   3.5609194e-14   7.7820055e-22
   1.6380000e+01   4.5298974e-21   3.5648637e-14   7.6220192e-22
   1.6410000e+01   4.4374676e-21   3.5690157e-14   7.4652667e-22
   1.6440000e+01   4.3473650e-21   3.5733763e-14   7.3116939e-22
   1.6470000e+01   4.2595242e-21   3.5779460e-14   7.1612467e-22
   1.6500000e+01   4.1738820e-21   3.5827258e-14   7.0138711e-22
   1.6530000e+01   4.0903771e-21   3.5877164e-14   6.8695136e-22
   1.6560000e+01   4.0089502e-21   3.5929188e-14   6.7281207e-22
   1.6590000e+01   3.9295437e-21   3.5983339e-14   6.5896397e-22
   1.6620000e+01   3.8521019e-21   3.6039627e-14   6.4540178e-22
   1.6650000e+01   3.7765707e-21   3.6098062e-14   6.3212031e-22
   1.6680000e+01   3.7028978e-21   3.6158655e-14   6.1911438e-22
   1.6710000e+01   3.6310325e-21   3.6221417e-14   6.0637887e-22
   1.6740000e+01   3.5609255e-21   3.6286361e-14   5.9390874e-22
   1.6770000e+01   3.4925292e-21   3.6353498e-14   5.8169896e-22
   1.6800000e+01   3.4257972e-21   3.6422842e-14   5.6974459e-22
   1.6830000e+01   3.3606848e-21   3.6494405e-14   5.5804073e-22
   1.6860000e+01   3.2971485e-21   3.6568203e-14   5.4658257e-22
   1.6890000e+01   3.2351460e-21   3.6644249e-14   5.3536533e-22
   1.6920000e+01   3.1746366e-21   3.6722558e-14   5.2438431e-22
   1.6950000e+01   3.1155804e-21   3.6803145e-14   5.1363487e-22
   1.6980000e+01   3.0579392e-21   3.6886028e-14   5.0311243e-22
   1.7010000e+01   3.0016754e-21   3.6971223e-14   4.9281250e-22
   1.7040000e+01   2.9467528e-21   3.7058746e-14   4.8273064e-22
   1.7070000e+01   2.8931365e-21   3.7148616e-14   4.7286247e-22
   1.7100000e+01   2.8407922e-21   3.7240850e-14   4.6320370e-22
   1.7130000e+01   2.7896868e-21   3.7335469e-14   4.5375008e-22
   1.7160000e+01   2.7397883e-21   3.7432491e-14   4.4449746e-22
   1.7190000e+01   2.6910655e-21   3.7531937e-14   4.3544175e-22
   1.7220000e+01   2.6434881e-21   3.7633827e-14   4.2657890e-22
   1.7250000e+01   2.5970268e-21   3.7738183e-14   4.1790498e-22
   1.7280000e+01   2.5516531e-21   3.7845027e-14   4.0941607e-22
   1.7310000e+01   2.5073393e-21   3.7954381e-14   4.0110837e-22
   1.7340000e+01   2.4640586e-21   3.8066270e-14   3.9297812e-22
   1.7370000e+01   2.4217849e-21   3.8180717e-14   3.8502164e-22
   1.7400000e+01   2.3804929e-21   3.8297746e-14   3.7723530e-22
   1.7430000e+01   2.3401580e-21   3.8417383e-14   3.6961555e-22
   1.7460000e+01   2.3007563e-21   3.8539655e-14   3.6215890e-22
   1.7490000e+01   2.2622647e-21   3.8664588e-14   3.5486194e-22
   1.7520000e+01   2.2246607e-21   3.8792209e-14   3.4772130e-22
   1.7550000e+01   2.1879224e-21   3.8922548e-14   3.4073369e-22
   1.7580000e+01   2.1520286e-21   3.9055632e-14   3.3389589e-22
   1.7610000e+01   2.1169587e-21   3.9191493e-14   3.2720471e-22
   1.7640000e+01   2.0826926e-21   3.9330160e-14   3.2065707e-22
   1.7670000e+01   2.0492109e-21   3.9471664e-14   3.1424991e-22
   1.7700000e+01   2.0164948e-21   3.9616040e-14   3.0798026e-22
   1.7730000e+01   1.9845259e-21   3.9763318e-14   3.0184518e-22
   1.7760000e+01   1.9532863e-21   3.9913534e-14   2.9584181e-22
   1.7790000e+01   1.9227588e-21   4.0066721e-14   2.8996734e-22
   1.7820000e+01   1.8929265e-21   4.0222917e-14   2.8421902e-22
   1.7850000e+01   1.8637732e-21   4.0382157e-14   2.7859416e-22
   1.7880000e+01   1.8352830e-21   4.0544479e-14   2.7309011e-22
   1.7910000e+01   1.8074405e-21   4.0709922e-14   2.6770430e-22
   1.7940000e+01   1.7802307e-21   4.0878525e-14   2.6243418e-22
   1.7970000e+01   1.7536390e-21   4.1050328e-14   2.5727729e-22
   1.8000000e+01   1.7276515e-21   4.1225373e-14   2.5223119e-22
   1.8030000e+01   1.7022543e-21   4.1403703e-14   2.4729350e-22
   1.8060000e+01   1.6774342e-21   4.1585360e-14   2.4246191e-22
   1.8090000e+01   1.6531783e-21   4.1770391e-14   2.3773414e-22
   1.8120000e+01   1.6294740e-21   4.1958840e-14   2.3310795e-22
   1.8150000e+01   1.6063091e-21   4.2150754e-14   2.2858118e-22
   1.8180000e+01   1.5836719e-21   4.2346182e-14   2.2415167e-22
   1.8210000e+01   1.5615507e-21   4.2545172e-14   2.1981736e-22
   1.8240000e+01   1.5399346e-21   4.2747776e-14   2.1557619e-22
   1.8270000e+01   1.5188126e-21   4.2954045e-14   2.1142616e-22
   1.8300000e+01   1.4981743e-21   4.3164032e-14   2.0736533e-22
   1.8330000e+01   1.4780096e-21   4.3377791e-14   2.0339178e-22
   1.8360000e+01   1.4583085e-21   4.3595378e-14   1.9950364e-22
   1.8390000e+01   1.4390614e-21   4.3816849e-14   1.9569909e-22
   1.8420000e+01   1.4202592e-21   4.4042265e-14   1.9197633e-22
   1.8450000e+01   1.4018928e-21   4.4271683e-14   1.8833362e-22
   1.8480000e+01   1.3839535e-21   4.4505166e-14   1.8476924e-22
   1.8510000e+01   1.3664329e-21   4.4742777e-14   1.8128153e-22
   1.8540000e+01   1.3493228e-21   4.4984579e-14   1.7786886e-22
   1.8570000e+01   1.3326152e-21   4.5230640e-14   1.7452962e-22
   1.8600000e+01   1.3163026e-21   4.5481026e-14   1.7126226e-22
   1.8630000e+01   1.3003776e-21   4.5735807e-14   1.6806525e-22
   1.8660000e+01   1.2848329e-21   4.5995055e-14   1.6493709e-22
   1.8690000e+01   1.2696618e-21   4.6258841e-14   1.6187635e-22
   1.8720000e+01   1.2548575e-21   4.6527241e-14   1.5888158e-22
   1.8750000e+01   1.2404135e-21   4.6800331e-14   1.5595141e-22
   1.8780000e+01   1.2263239e-21   4.7078190e-14   1.5308447e-22
   1.8810000e+01   1.2125824e-21   4.7360898e-14   1.5027944e-22
   1.8840000e+01   1.1991835e-21   4.7648538e-14   1.4753502e-22
   1.8870000e+01   1.1861216e-21   4.7941195e-14   1.4484995e-22
   1.8900000e+01   1.1733915e-21   4.8238954e-14   1.4222300e-22
   1.8930000e+01   1.1609880e-21   4.8541905e-14   1.3965295e-22
   1.8960000e+01   1.1489064e-21   4.8850139e-14   1.3713865e-22
   1.8990000e+01   1.1371419e-21   4.9163751e-14   1.3467892e-22
   1.9020000e+01   1.1256903e-21   4.9482834e-14   1.3227267e-22
   1.9050000e+01   1.1145473e-21   4.9807489e-14   1.2991879e-22
   1.9080000e+01   1.1037089e-21   5.0137816e-14   1.2761622e-22
   1.9110000e+01   1.0931714e-21   5.0473919e-14   1.2536393e-22
   1.9140000e+01   1.0829313e-21   5.0815903e-14   1.2316089e-22
   1.9170000e+01   1.0729852e-21   5.1163879e-14   1.2100613e-22
   1.9200000e+01   1.0633302e-21   5.1517958e-14   1.1889868e-22
   1.9230000e+01   1.0539632e-21   5.1878254e-14   1.1683761e-22
   1.9260000e+01   1.0448817e-21   5.2244886e-14   1.1482201e-22
   1.9290000e+01   1.0360832e-21   5.2617975e-14   1.1285098e-22
   1.9320000e+01   1.0275657e-21   5.2997644e-14   1.1092367e-22
   1.9350000e+01   1.0193271e-21   5.3384023e-14   1.0903924e-22
   1.9380000e+01   1.0113657e-21   5.3777241e-14   1.0719688e-22
   1.9410000e+01   1.0036802e-21   5.4177433e-14   1.0539578e-22
   1.9440000e+01   9.9626936e-22   5.4584737e-14   1.0363519e-22
   1.9470000e+01   9.8913222e-22   5.4999296e-14   1.0191436e-22
   1.9500000e+01   9.8226815e-22   5.5421255e-14   1.0023257e-22
   1.9530000e+01   9.7567679e-22   5.5850764e-14   9.8589106e-23
   1.9560000e+01   9.6935805e-22   5.6287977e-14   9.6983305e-23
   1.9590000e+01   9.6331217e-22   5.6733052e-14   9.5414510e-23
   1.9620000e+01   9.5753968e-22   5.7186151e-14   9.3882087e-23
   1.9650000e+01   9.5204147e-22   5.7647443e-14   9.2385431e-23
   1.9680000e+01   9.4681875e-22   5.8117099e-14   9.0923953e-23
   1.9710000e+01   9.4187310e-22   5.8595296e-14   8.9497093e-23
   1.9740000e+01   9.3720648e-22   5.9082216e-14   8.8104309e-23
   1.9770000e+01   9.3282128e-22   5.9578045e-14   8.6745087e-23
   1.9800000e+01   9.2872027e-22   6.0082976e-14   8.5418934e-23
   1.9830000e+01   9.2490672e-22   6.0597208e-14   8.4125383e-23
   1.9860000e+01   9.2138435e-22   6.1120943e-14   8.2863989e-23
   1.9890000e+01   9.1815741e-22   6.1654391e-14   8.1634336e-23
   1.9920000e+01   9.1523070e-22   6.2197769e-14   8.0436030e-23
   1.9950000e+01   9.1260959e-22   6.2751299e-14   7.9268708e-23
   1.9980000e+01   9.1030010e-22   6.3315208e-14   7.8132030e-23
   2.0010000e+01   9.0830893e-22   6.3889734e-14   7.7025688e-23
   2.0040000e+01   9.0664351e-22   6.4475118e-14   7.5949402e-23
   2.0070000e+01   9.0531205e-22   6.5071612e-14   7.4902923e-23
   2.0100000e+01   9.0432364e-22   6.5679471e-14   7.3886036e-23
   2.0130000e+01   9.0368830e-22   6.6298963e-14   7.2898559e-23
   2.0160000e+01   9.0341706e-22   6.6930361e-14   7.1940345e-23
   2.0190000e+01   9.0352205e-22   6.7573947e-14   7.1011288e-23
   2.0220000e+01   9.0401663e-22   6.8230012e-14   7.0111321e-23
   2.0250000e+01   9.0491550e-22   6.8898857e-14   6.9240421e-23
   2.0280000e+01   9.0623481e-22   6.9580791e-14   6.8398613e-23
   2.0310000e+01   9.0799231e-22   7.0276133e-14   6.7585970e-23
   2.0340000e+01   9.1020755e-22   7.0985215e-14   6.6802624e-23
   2.0370000e+01   9.1290207e-22   7.1708375e-14   6.6048761e-23
   2.0400000e+01   9.1609957e-22   7.2445965e-14   6.5324638e-23
   2.0430000e+01   9.1982621e-22   7.3198350e-14   6.4630579e-23
   2.0460000e+01   9.2411088e-22   7.3965902e-14   6.3966989e-23
   2.0490000e+01   9.2898551e-22   7.4749010e-14   6.3334358e-23
   2.0520000e+01   9.3448546e-22   7.5548074e-14   6.2733275e-23
   2.0550000e+01   9.4064998e-22   7.6363508e-14   6.2164434e-23
   2.0580000e+01   9.4752265e-22   7.7195739e-14   6.1628651e-23
   2.0610000e+01   9.5515203e-22   7.8045210e-14   6.1126877e-23
   2.0640000e+01   9.6359230e-22   7.8912377e-14   6.0660218e-23
   2.0670000e+01   9.7290409e-22   7.9797715e-14   6.0229951e-23
   2.0700000e+01   9.8315540e-22   8.0701714e-14   5.9837552e-23
   2.0730000e+01   9.9442273e-22   8.1624880e-14   5.9484725e-23
   2.0760000e+01   1.0067924e-21   8.2567738e-14   5.9173435e-23
   2.0790000e+01   1.0203621e-21   8.3530832e-14   5.8905948e-23
   2.0820000e+01   1.0352428e-21   8.4514725e-14   5.8684882e-23
   2.0850000e+01   1.0515612e-21   8.5520000e-14   5.8513266e-23
   2.0880000e+01   1.0694622e-21   8.6547264e-14   5.8394611e-23
   2.0910000e+01   1.0891126e-21   8.7597143e-14   5.8333001e-23
   2.0940000e+01   1.1107052e-21   8.8670287e-14   5.8333199e-23
   2.0970000e+01   1.1344638e-21   8.9767372e-14   5.8400782e-23
   2.1000000e+01   1.1606500e-21   9.0889098e-14   5.8542314e-23
   2.1030000e+01   1.1895715e-21   9.2036191e-14   5.8765555e-23
   2.1060000e+01   1.2215921e-21   9.3209408e-14   5.9079734e-23
   2.1090000e+01   1.2571457e-21   9.4409531e-14   5.9495899e-23
   2.1120000e+01   1.2967533e-21   9.5637376e-14   6.0027373e-23
   2.1150000e+01   1.3410465e-21   9.6893790e-14   6.0690353e-23
   2.1180000e+01   1.3907983e-21   9.8179653e-14   6.1504706e-23
   2.1210000e+01   1.4469645e-21   9.9495881e-14   6.2495061e-23
   2.1240000e+01   1.5107416e-21   1.0084343e-13   6.3692293e-23
   2.1270000e+01   1.5836468e-21   1.0222328e-13   6.5135621e-23
   2.1300000e+01   1.6676341e-21   1.0363648e-13   6.6875601e-23
   2.1330000e+01   1.7652624e-21   1.0508410e-13   6.8978510e-23
   2.1360000e+01   1.8799498e-21   1.0656726e-13   7.1532937e-23
   2.1390000e+01   2.0163665e-21   1.0808713e-13   7.4659992e-23
   2.1420000e+01   2.1810659e-21   1.0964493e-13   7.8529699e-23
   2.1450000e+01   2.3835400e-21   1.1124192e-13   8.3388383e-23
   2.1480000e+01   2.6380729e-21   1.1287944e-13   8.9606822e-23
   2.1510000e+01   2.9672013e-21   1.1455887e-13   9.7770081e-23
   2.1540000e+01   3.4086761e-21   1.1628167e-13   1.0885827e-22
   2.1570000e+01   4.0308979e-21   1.1804933e-13   1.2464728e-22
   2.1600000e+01   4.9719053e-21   1.1986345e-13   1.4872093e-22
   2.1630000e+01   6.5580430e-21   1.2172568e-13   1.8955114e-22
   2.1660000e+01   9.7892686e-21   1.2363774e-13   2.7309188e-22
   2.1690000e+01   1.9867749e-20   1.2560147e-13   5.3429697e-22
   2.1720000e+01   9.4868430e-20   1.2761874e-13   2.4561910e-21
   2.1750000e+01   1.6284799e-20   1.2969156e-13   4.0533819e-22
   2.1780000e+01   8.4053066e-21   1.3182201e-13   2.0082792e-22
   2.1810000e+01   5.5949509e-21   1.3401228e-13   1.2811190e-22
   2.1840000e+01   4.1569275e-21   1.3626467e-13   9.1057381e-23
   2.1870000e+01   3.2844074e-21   1.3858160e-13   6.8692240e-23
   2.1900000e+01   2.6991701e-21   1.4096560e-13   5.3785991e-23
   2.1930000e+01   2.2797338e-21   1.4341935e-13   4.3181929e-23
   2.1960000e+01   1.9646284e-21   1.4594565e-13   3.5282917e-23
   2.1990000e+01   1.7194180e-21   1.4854746e-13   2.9194323e-23
   2.2020000e+01   1.5233133e-21   1.5122790e-13   2.4376112e-23
   2.2050000e+01   1.3630219e-21   1.5399025e-13   2.0483036e-23
   2.2080000e+01   1.2296485e-21   1.5683798e-13   1.7284102e-23
   2.2110000e+01   1.1170162e-21   1.5977475e-13   1.4618934e-23
   2.2140000e+01   1.0207015e-21   1.6280441e-13   1.2372715e-23
   2.2170000e+01   9.3745382e-22   1.6593107e-13   1.0461095e-23
   2.2200000e+01   8.6483071e-22   1.6915904e-13   8.8207196e-24
   2.2230000e+01   8.0096157e-22   1.7249290e-13   7.4030890e-24
   2.2260000e+01   7.4438955e-22   1.7593750e-13   6.1704499e-24
   2.2290000e+01   6.9396319e-22   1.7949798e-13   5.0929807e-24
   2.2320000e+01   6.4876041e-22   1.8317982e-13   4.1468170e-24
   2.2350000e+01   6.0803410e-22   1.8698880e-13   3.3126384e-24
   2.2380000e+01   5.7117256e-22   1.9093111e-13   2.5746400e-24
   2.2410000e+01   5.3767012e-22   1.9501330e-13   1.9197698e-24
   2.2440000e+01   5.0710517e-22   1.9924237e-13   1.3371579e-24
   2.2470000e+01   4.7912339e-22   2.0362577e-13   8.1768054e-25
   2.2500000e+01   4.5342484e-22   2.0817148e-13   3.5362553e-25
   2.2530000e+01   4.2975396e-22   2.1288800e-13   6.1576895e-26
   2.2560000e+01   4.0789161e-22   2.1778443e-13   4.3352384e-25
   2.2590000e+01   3.8764886e-22   2.2287052e-13   7.6706580e-25
   2.2620000e+01   3.6886196e-22   2.2815672e-13   1.0663799e-24
   2.2650000e+01   3.5138825e-22   2.3365425e-13   1.3351005e-24
   2.2680000e+01   3.3510291e-22   2.3937516e-13   1.5764003e-24
   2.2710000e+01   3.1989627e-22   2.4533245e-13   1.7930604e-24
   2.2740000e+01   3.0567154e-22   2.5154008e-13   1.9875280e-24
   2.2770000e+01   2.9234304e-22   2.5801316e-13   2.1619639e-24
   2.2800000e+01   2.7983459e-22   2.6476799e-13   2.3182828e-24
   2.2830000e+01   2.6807828e-22   2.7182224e-13   2.4581862e-24
   2.2860000e+01   2.5701336e-22   2.7919504e-13   2.5831907e-24
   2.2890000e+01   2.4658534e-22   2.8690718e-13   2.6946521e-24
   2.2920000e+01   2.3674517e-22   2.9498126e-13   2.7937852e-24
   2.2950000e+01   2.2744864e-22   3.0344193e-13   2.8816813e-24
   2.2980000e+01   2.1865575e-22   3.1231606e-13   2.9593229e-24
   2.3010000e+01   2.1033023e-22   3.2163307e-13   3.0275968e-24
   2.3040000e+01   2.0243914e-22   3.3142520e-13   3.0873044e-24
   2.3070000e+01   1.9495248e-22   3.4172787e-13   3.1391721e-24
   2.3100000e+01   1.8784290e-22   3.5258004e-13   3.1838588e-24
   2.3130000e+01   1.8108535e-22   3.6402474e-13   3.2219639e-24
   2.3160000e+01   1.7465693e-22   3.7610952e-13   3.2540328e-24
   2.3190000e+01   1.6853659e-22   3.8888715e-13   3.2805631e-24
   2.3220000e+01   1.6270500e-22   4.0241629e-13   3.3020093e-24
   2.3250000e+01   1.5714437e-22   4.1676236e-13   3.3187870e-24
   2.3280000e+01   1.5183827e-22   4.3199854e-13   3.3312767e-24
   2.3310000e+01   1.4677154e-22   4.4820696e-13   3.3398276e-24
   2.3340000e+01   1.4193015e-22   4.6548008e-13   3.3447598e-24
   2.3370000e+01   1.3730112e-22   4.8392241e-13   3.3463679e-24
   2.3400000e+01   1.3287239e-22   5.0365249e-13   3.3449225e-24
   2.3430000e+01   1.2863277e-22   5.2480538e-13   3.3406730e-24
   2.3460000e+01   1.2457185e-22   5.4753556e-13   3.3338492e-24
   2.3490000e+01   1.2067995e-22   5.7202063e-13   3.3246631e-24
   2.3520000e+01   1.1694803e-22   5.9846575e-13   3.3133104e-24
   2.3550000e+01   1.1336766e-22   6.2710921e-13   3.2999719e-24
   2.3580000e+01   1.0993098e-22   6.5822939e-13   3.2848148e-24
   2.3610000e+01   1.0663061e-22   6.9215359e-13   3.2679938e-24
   2.3640000e+01   1.0345967e-22   7.2926920e-13   3.2496520e-24
   2.3670000e+01   1.0041169e-22   7.7003820e-13   3.2299221e-24
   2.3700000e+01   9.7480627e-23   8.1501600e-13   3.2089270e-24
   2.3730000e+01   9.4660785e-23   8.6487632e-13   3.1867806e-24
   2.3760000e+01   9.1946823e-23   9.2044440e-13   3.1635888e-24
   2.3790000e+01   8.9333716e-23   9.8274221e-13   3.1394497e-24
   2.3820000e+01   8.6816735e-23   1.0530507e-12   3.1144543e-24
   2.3850000e+01   8.4391426e-23   1.1329974e-12   3.0886873e-24
   2.3880000e+01   8.2053588e-23   1.2246821e-12   3.0622273e-24
   2.3910000e+01   7.9799261e-23   1.3308617e-12   3.0351474e-24
   2.3940000e+01   7.7624703e-23   1.4552285e-12   3.0075154e-24
   2.3970000e+01   7.5526380e-23   1.6028445e-12   2.9793944e-24
   2.4000000e+01   7.3500952e-23   1.7808405e-12   2.9508431e-24
   2.4030000e+01   7.1545257e-23   1.9995937e-12   2.9219162e-24
   2.4060000e+01   6.9656303e-23   2.2748120e-12   2.8926642e-24
   2.4090000e+01   6.7831255e-23   2.6314608e-12   2.8631344e-24
   2.4120000e+01   6.6067425e-23   3.1117601e-12   2.8333706e-24
   2.4150000e+01   6.4362265e-23   3.7932004e-12   2.8034137e-24
   2.4180000e+01   6.2713356e-23   4.8350800e-12   2.7733014e-24
   2.4210000e+01   6.1118401e-23   6.6250725e-12   2.7430692e-24
   2.4240000e+01   5.9575218e-23   1.0416075e-11   2.7127496e-24
   2.4270000e+01   5.8081731e-23   2.3741476e-11   2.6823732e-24
   2.4300000e+01   5.6635968e-23   7.9413365e-11   2.6519681e-24
   2.4330000e+01   5.5236051e-23   1.5655076e-11   2.6215606e-24
   2.4360000e+01   5.3880191e-23   8.6857474e-12   2.5911751e-24
   2.4390000e+01   5.2566686e-23   6.0406444e-12   2.5608340e-24
   2.4420000e+01   5.1293913e-23   4.6494816e-12   2.5305583e-24
   2.4450000e+01   5.0060323e-23   3.7918835e-12   2.5003674e-24
   2.4480000e+01   4.8864441e-23   3.2105311e-12   2.4702793e-24
   2.4510000e+01   4.7704857e-23   2.7906410e-12   2.4403103e-24
   2.4540000e+01   4.6580226e-23   2.4732844e-12   2.4104760e-24
   2.4570000e+01   4.5489263e-23   2.2250996e-12   2.3807904e-24
   2.4600000e+01   4.4430740e-23   2.0257834e-12   2.3512666e-24
   2.4630000e+01   4.3403484e-23   1.8622721e-12   2.3219165e-24
   2.4660000e+01   4.2406371e-23   1.7257786e-12   2.2927512e-24
   2.4690000e+01   4.1438328e-23   1.6101751e-12   2.2637807e-24
   2.4720000e+01   4.0498327e-23   1.5110577e-12   2.2350143e-24
   2.4750000e+01   3.9585383e-23   1.4251804e-12   2.2064606e-24
   2.4780000e+01   3.8698554e-23   1.3500977e-12   2.1781272e-24
   2.4810000e+01   3.7836937e-23   1.2839323e-12   2.1500211e-24
   2.4840000e+01   3.6999666e-23   1.2252194e-12   2.1221486e-24
   2.4870000e+01   3.6185910e-23   1.1727990e-12   2.0945157e-24
   2.4900000e+01   3.5394875e-23   1.1257406e-12   2.0671273e-24
   2.4930000e+01   3.4625795e-23   1.0832895e-12   2.0399882e-24
   2.4960000e+01   3.3877938e-23   1.0448266e-12   2.0131025e-24
   2.4990000e+01   3.3150600e-23   1.0098397e-12   1.9864738e-24
   2.5020000e+01   3.2443105e-23   9.7790124e-13   1.9601053e-24
   2.5050000e+01   3.1754803e-23   9.4865164e-13   1.9339999e-24
   2.5080000e+01   3.1085072e-23   9.2178612e-13   1.9081600e-24
   2.5110000e+01   3.0433310e-23   8.9704482e-13   1.8825876e-24
   2.5140000e+01   2.9798942e-23   8.7420476e-13   1.8572843e-24
   2.5170000e+01   2.9181413e-23   8.5307357e-13   1.8322517e-24
   2.5200000e+01   2.8580189e-23   8.3348439e-13   1.8074908e-24
   2.5230000e+01   2.7994757e-23   8.1529181e-13   1.7830023e-24
   2.5260000e+01   2.7424623e-23   7.9836855e-13   1.7587869e-24
   2.5290000e+01   2.6869310e-23   7.8260268e-13   1.7348449e-24
   2.5320000e+01   2.6328361e-23   7.6789546e-13   1.7111764e-24
   2.5350000e+01   2.5801334e-23   7.5415939e-13   1.6877811e-24
   2.5380000e+01   2.5287804e-23   7.4131671e-13   1.6646588e-24
   2.5410000e+01   2.4787362e-23   7.2929809e-13   1.6418091e-24
   2.5440000e+01   2.4299611e-23   7.1804148e-13   1.6192311e-24
   2.5470000e+01   2.3824172e-23   7.0749125e-13   1.5969240e-24
   2.5500000e+01   2.3360676e-23   6.9759735e-13   1.5748870e-24
   2.5530000e+01   2.2908769e-23   6.8831463e-13   1.5531187e-24
   2.5560000e+01   2.2468110e-23   6.7960232e-13   1.5316181e-24
   2.5590000e+01   2.2038368e-23   6.7142342e-13   1.5103837e-24
   2.5620000e+01   2.1619224e-23   6.6374440e-13   1.4894139e-24
   2.5650000e+01   2.1210372e-23   6.5653470e-13   1.4687073e-24
   2.5680000e+01   2.0811514e-23   6.4976649e-13   1.4482622e-24
   2.5710000e+01   2.0422364e-23   6.4341436e-13   1.4280768e-24
   2.5740000e+01   2.0042644e-23   6.3745504e-13   1.4081492e-24
   2.5770000e+01   1.9672086e-23   6.3186724e-13   1.3884775e-24
   2.5800000e+01   1.9310432e-23   6.2663139e-13   1.3690598e-24
   2.5830000e+01   1.8957432e-23   6.2172954e-13   1.3498939e-24
   2.5860000e+01   1.8612843e-23   6.1714515e-13   1.3309779e-24
   2.5890000e+01   1.8276433e-23   6.1286298e-13   1.3123095e-24
   2.5920000e+01   1.7947974e-23   6.0886898e-13   1.2938865e-24
   2.5950000e+01   1.7627248e-23   6.0515018e-13   1.2757068e-24
   2.5980000e+01   1.7314044e-23   6.0169456e-13   1.2577679e-24
   2.6010000e+01   1.7008156e-23   5.9849104e-13   1.2400677e-24
   2.6040000e+01   1.6709386e-23   5.9552932e-13   1.2226038e-24
   2.6070000e+01   1.6417543e-23   5.9279988e-13   1.2053738e-24
   2.6100000e+01   1.6132441e-23   5.9029387e-13   1.1883753e-24
   2.6130000e+01   1.5853899e-23   5.8800308e-13   1.1716059e-24
   2.6160000e+01   1.5581745e-23   5.8591988e-13   1.1550633e-24
   2.6190000e+01   1.5315808e-23   5.8403718e-13   1.1387449e-24
   2.6220000e+01   1.5055926e-23   5.8234840e-13   1.1226484e-24
   2.6250000e+01   1.4801941e-23   5.8084739e-13   1.1067712e-24
   2.6280000e+01   1.4553698e-23   5.7952845e-13   1.0911110e-24
   2.6310000e+01   1.4311050e-23   5.7838626e-13   1.0756652e-24
   2.6340000e+01   1.4073851e-23   5.7741587e-13   1.0604314e-24
   2.6370000e+01   1.3841963e-23   5.7661267e-13   1.0454071e-24
   2.6400000e+01   1.3615250e-23   5.7597235e-13   1.0305899e-24
   2.6430000e+01   1.3393580e-23   5.7549092e-13   1.0159773e-24
   2.6460000e+01   1.3176827e-23   5.7516463e-13   1.0015669e-24
   2.6490000e+01   1.2964866e-23   5.7499001e-13   9.8735616e-25
   2.6520000e+01   1.2757579e-23   5.7496380e-13   9.7334269e-25
   2.6550000e+01   1.2554847e-23   5.7508299e-13   9.5952407e-25
   2.6580000e+01   1.2356560e-23   5.7534475e-13   9.4589786e-25
   2.6610000e+01   1.2162607e-23   5.7574645e-13   9.3246166e-25
   2.6640000e+01   1.1972882e-23   5.7628564e-13   9.1921307e-25
   2.6670000e+01   1.1787283e-23   5.7696002e-13   9.0614971e-25
   2.6700000e+01   1.1605708e-23   5.7776747e-13   8.9326921e-25
   2.6730000e+01   1.1428061e-23   5.7870598e-13   8.8056921e-25
   2.6760000e+01   1.1254248e-23   5.7977371e-13   8.6804738e-25
   2.6790000e+01   1.1084177e-23   5.8096890e-13   8.5570139e-25
   2.6820000e+01   1.0917759e-23   5.8228995e-13   8.4352894e-25
   2.6850000e+01   1.0754908e-23   5.8373533e-13   8.3152774e-25
   2.6880000e+01   1.0595540e-23   5.8530361e-13   8.1969552e-25
   2.6910000e+01   1.0439574e-23   5.8699347e-13   8.0803002e-25
   2.6940000e+01   1.0286930e-23   5.8880364e-13   7.9652903e-25
   2.6970000e+01   1.0137531e-23   5.9073295e-13   7.8519032e-25
   2.7000000e+01   9.9913037e-24   5.9278027e-13   7.7401170e-25
   2.7030000e+01   9.8481746e-24   5.9494455e-13   7.6299099e-25
   2.7060000e+01   9.7080735e-24   5.9722478e-13   7.5212604e-25
   2.7090000e+01   9.5709320e-24   5.9961998e-13   7.4141473e-25
   2.7120000e+01   9.4366835e-24   6.0212922e-13   7.3085494e-25
   2.7150000e+01   9.3052634e-24   6.0475160e-13   7.2044457e-25
   2.7180000e+01   9.1766088e-24   6.0748624e-13   7.1018156e-25
   2.7210000e+01   9.0506589e-24   6.1033227e-13   7.0006386e-25
   2.7240000e+01   8.9273542e-24   6.1328882e-13   6.9008944e-25
   2.7270000e+01   8.8066370e-24   6.1635504e-13   6.8025629e-25
   2.7300000e+01   8.6884516e-24   6.1953007e-13   6.7056244e-25
   2.7330000e+01   8.5727433e-24   6.2281301e-13   6.6100591e-25
   2.7360000e+01   8.4594592e-24   6.2620296e-13   6.5158477e-25
   2.7390000e+01   8.3485480e-24   6.2969900e-13   6.4229710e-25
   2.7420000e+01   8.2399598e-24   6.3330015e-13   6.3314099e-25
   2.7450000e+01   8.1336459e-24   6.3700539e-13   6.2411457e-25
   2.7480000e+01   8.0295593e-24   6.4081366e-13   6.1521599e-25
   2.7510000e+01   7.9276541e-24   6.4472383e-13   6.0644341e-25
   2.7540000e+01   7.8278857e-24   6.4873469e-13   5.9779502e-25
   2.7570000e+01   7.7302110e-24   6.5284498e-13   5.8926902e-25
   2.7600000e+01   7.6345879e-24   6.5705332e-13   5.8086364e-25
   2.7630000e+01   7.5409756e-24   6.6135827e-13   5.7257714e-25
   2.7660000e+01   7.4493345e-24   6.6575826e-13   5.6440778e-25
   2.7690000e+01   7.3596261e-24   6.7025161e-13   5.5635387e-25
   2.7720000e+01   7.2718130e-24   6.7483653e-13   5.4841370e-25
   2.7750000e+01   7.1858590e-24   6.7951110e-13   5.4058561e-25
   2.7780000e+01   7.1017288e-24   6.8427324e-13   5.3286796e-25
   2.7810000e+01   7.0193884e-24   6.8912074e-13   5.2525912e-25
   2.7840000e+01   6.9388045e-24   6.9405124e-13   5.1775747e-25
   2.7870000e+01   6.8599452e-24   6.9906219e-13   5.1036144e-25
   2.7900000e+01   6.7827791e-24   7.0415088e-13   5.0306945e-25
   2.7930000e+01   6.7072762e-24   7.0931442e-13   4.9587995e-25
   2.7960000e+01   6.6334072e-24   7.1454972e-13   4.8879142e-25
   2.7990000e+01   6.5611438e-24   7.1985349e-13   4.8180235e-25
   2.8020000e+01   6.4904585e-24   7.2522224e-13   4.7491123e-25
   2.8050000e+01   6.4213249e-24   7.3065227e-13   4.6811661e-25
   2.8080000e+01   6.3537173e-24   7.3613965e-13   4.6141701e-25
   2.8110000e+01   6.2876110e-24   7.4168025e-13   4.5481101e-25
   2.8140000e+01   6.2229820e-24   7.4726967e-13   4.4829718e-25
   2.8170000e+01   6.1598072e-24   7.5290333e-13   4.4187411e-25
   2.8200000e+01   6.0980644e-24   7.5857637e-13   4.3554043e-25
   2.8230000e+01   6.0377322e-24   7.6428373e-13   4.2929477e-25
   2.8260000e+01   5.9787899e-24   7.7002009e-13   4.2313576e-25
   2.8290000e+01   5.9212177e-24   7.7577991e-13   4.1706208e-25
   2.8320000e+01   5.8649966e-24   7.8155742e-13   4.1107241e-25
   2.8350000e+01   5.8101084e-24   7.8734662e-13   4.0516543e-25
   2.8380000e+01   5.7565356e-24   7.9314130e-13   3.9933986e-25
   2.8410000e+01   5.7042615e-24   7.9893503e-13   3.9359443e-25
   2.8440000e+01   5.6532703e-24   8.0472119e-13   3.8792787e-25
   2.8470000e+01   5.6035470e-24   8.1049295e-13   3.8233895e-25
   2.8500000e+01   5.5550770e-24   8.1624335e-13   3.7682642e-25
   2.8530000e+01   5.5078470e-24   8.2196522e-13   3.7138908e-25
   2.8560000e+01   5.4618442e-24   8.2765131e-13   3.6602571e-25
   2.8590000e+01   5.4170567e-24   8.3329420e-13   3.6073514e-25
   2.8620000e+01   5.3734731e-24   8.3888641e-13   3.5551617e-25
   2.8650000e+01   5.3310833e-24   8.4442037e-13   3.5036765e-25
   2.8680000e+01   5.2898777e-24   8.4988849e-13   3.4528842e-25
   2.8710000e+01   5.2498475e-24   8.5528314e-13   3.4027734e-25
   2.8740000e+01   5.2109849e-24   8.6059672e-13   3.3533327e-25
   2.8770000e+01   5.1732827e-24   8.6582167e-13   3.3045511e-25
   2.8800000e+01   5.1367349e-24   8.7095051e-13   3.2564172e-25
   2.8830000e+01   5.1013362e-24   8.7597587e-13   3.2089203e-25
   2.8860000e+01   5.0670821e-24   8.8089053e-13   3.1620493e-25
   2.8890000e+01   5.0339692e-24   8.8568746e-13   3.1157934e-25
   2.8920000e+01   5.0019951e-24   8.9035981e-13   3.0701419e-25
   2.8950000e+01   4.9711582e-24   8.9490102e-13   3.0250842e-25
   2.8980000e+01   4.9414580e-24   8.9930479e-13   2.9806096e-25
   2.9010000e+01   4.9128951e-24   9.0356513e-13   2.9367075e-25
   2.9040000e+01   4.8854712e-24   9.0767640e-13   2.8933677e-25
   2.9070000e+01   4.8591889e-24   9.1163335e-13   2.8505795e-25
   2.9100000e+01   4.8340524e-24   9.1543111e-13   2.8083327e-25
   2.9130000e+01   4.8100668e-24   9.1906524e-13   2.7666170e-25
   2.9160000e+01   4.7872386e-24   9.2253176e-13   2.7254219e-25
   2.9190000e+01   4.7655756e-24   9.2582715e-13   2.6847373e-25
   2.9220000e+01   4.7450872e-24   9.2894837e-13   2.6445529e-25
   2.9250000e+01   4.7257841e-24   9.3189288e-13   2.6048585e-25
   2.9280000e+01   4.7076786e-24   9.3465864e-13   2.5656436e-25
   2.9310000e+01   4.6907849e-24   9.3724414e-13   2.5268981e-25
   2.9340000e+01   4.6751187e-24   9.3964835e-13   2.4886117e-25
   2.9370000e+01   4.6606977e-24   9.4187078e-13   2.4507739e-25
   2.9400000e+01   4.6475416e-24   9.4391144e-13   2.4133744e-25
   2.9430000e+01   4.6356722e-24   9.4577083e-13   2.3764027e-25
   2.9460000e+01   4.6251138e-24   9.4744994e-13   2.3398482e-25
   2.9490000e+01   4.6158927e-24   9.4895023e-13   2.3037001e-25
   2.9520000e+01   4.6080383e-24   9.5027361e-13   2.2679479e-25
   2.9550000e+01   4.6015825e-24   9.5142245e-13   2.2325804e-25
   2.9580000e+01   4.5965604e-24   9.5239948e-13   2.1975865e-25
   2.9610000e+01   4.5930101e-24   9.5320787e-13   2.1629551e-25
   2.9640000e+01   4.5909737e-24   9.5385109e-13   2.1286744e-25
   2.9670000e+01   4.5904968e-24   9.5433300e-13   2.0947328e-25
   2.9700000e+01   4.5916292e-24   9.5465771e-13   2.0611183e-25
   2.9730000e+01   4.5944252e-24   9.5482964e-13   2.0278183e-25
   2.9760000e+01   4.5989441e-24   9.5485342e-13   1.9948203e-25
   2.9790000e+01   4.6052506e-24   9.5473391e-13   1.9621111e-25
   2.9820000e+01   4.6134153e-24   9.5447614e-13   1.9296770e-25
   2.9850000e+01   4.6235151e-24   9.5408528e-13   1.8975041e-25
   2.9880000e+01   4.6356341e-24   9.5356664e-13   1.8655776e-25
   2.9910000e+01   4.6498642e-24   9.5292561e-13   1.8338822e-25
   2.9940000e+01   4.6663059e-24   9.5216763e-13   1.8024019e-25
   2.9970000e+01   4.6850693e-24   9.5129819e-13   1.7711198e-25
   3.0000000e+01   4.7062751e-24   9.5032278e-13   1.7400183e-25