0.1 1.55806290e-16 1.89675887e-15 5.96718215e-14
0.2 1.03257980e-15 1.25704481e-14 5.80704802e-13
0.3 1.14354878e-16 3.89135875e-15 1.56290683e-13
0.4 5.15327234e-17 1.90511980e-15 3.06162814e-14
0.5 2.87052650e-17 6.08968358e-16 6.45238622e-15 
0.6 9.95615230e-18 1.60000626e-16 1.47552239e-15 
0.7 5.09721839e-18 6.20526562e-17 4.71241119e-16 
0.8 1.84417444e-18 1.95401380e-17 1.36505054e-16
0.9 7.07762053e-19 7.49916488e-18 5.38686571e-17 
1 2.94419721e-19 3.11955412e-18   2.17928300e-17 
2 6.55625216e-22 6.94674372e-21   3.67620200e-20 
3 3.15972299e-23 2.53613065e-22   1.54202431e-21
4 6.72451527e-24 5.39738748e-23   3.77054999e-22 
5 3.74575571e-24 3.45432799e-23   2.41315199e-22
6 1.97048868e-24 1.58159964e-23   1.26946043e-22 
7 1.26002411e-24 1.16199157e-23   7.06516933e-23
8 8.39640648e-25 6.73931984e-24   4.09765760e-23 
9 6.63419771e-25 5.32489469e-24   4.91060661e-23 
10 6.17411816e-25 4.31316470e-24  2.62250087e-23 
20 1.01767809e-25 7.10937673e-25  3.27452350e-24
30 6.86013129e-26 4.79240522e-25  1.92118244e-24 
40 7.72613855e-26 4.69766550e-25  1.88320312e-24 
50 8.13247745e-27 1.30693208e-25  1.78620545e-22