0.1 3.5842148274919686e-16 5.013288241915519e-15 1.22196100981335e-13
0.2 3.806052234858954e-15 7.027589780406884e-14 7.446154287617451e-13
0.3 6.40002504419569e-16 7.791279945905068e-15 7.185101866780606e-14
0.4 1.0317883796340201e-16 1.0932418805015819e-15 6.647155805676964e-15
0.5 1.8925921679440424e-17 1.745344489398839e-16 9.236325924820928e-16
0.6 4.972605358953446e-18 4.585726131706756e-17 2.4267565177921086e-16
0.7 2.0964493978082593e-18 1.6827011724284074e-17 8.904818823463464e-17
0.8 8.016650545027374e-19 6.434511267082923e-18 3.405129680168781e-17
0.9 3.6348113673063707e-19 2.9174571805629418e-18 1.343758033205187e-17
1.0 2.2303030658127603e-19 2.056780764254293e-18 1.0884440068962016e-17
2.0 7.981468142359178e-21 6.406272345465966e-20 3.895157254163595e-19
3.0 1.0166856612675507e-21 9.375853638196944e-21 7.525466594140115e-20
4.0 1.6390630408356779e-22 1.5115404652696614e-21 1.2132279060688566e-20
5.0 1.8280230251102373e-22 1.4672505288202836e-21 5.881923206014371e-21
6.0 4.180296718988728e-23 3.355287371827266e-22 2.343963409549236e-21
7.0 2.3265399528192965e-23 1.8673818268179502e-22 1.1354100289181728e-21
8.0 1.781257151377274e-23 1.429714211157493e-22 8.692983033904763e-22
9.0 8.076357707693706e-24 6.482434824277259e-23 3.4304907247311866e-22
10.0 7.516264805561368e-24 6.032879979751979e-23 3.192587256943672e-22
11.0 3.102481241611433e-24 2.4901859439843967e-23 1.5140888992632313e-22
