0.1 1.5580629016654376e-16 1.6508614074144322e-15 3.5022228793994176e-14
0.2 1.0908403058742744e-15 1.1558109500553943e-14 4.909389711565953e-13
0.3 1.2093822298846684e-16 2.947801641494153e-15 1.2520998394932126e-13
0.4 4.485197662669577e-17 1.658138423340461e-15 2.3192599387291324e-14
0.5 2.174495664305979e-17 5.300211736428742e-16 4.887844039253399e-15
0.6 8.665428113962802e-18 1.3925800671987551e-16 1.117745133379124e-15
0.7 4.197511763784272e-18 5.109978320714997e-17 3.569769405719451e-16
0.8 1.6050940701969483e-18 1.7006937607753147e-17 1.1880842098884288e-16
0.9 6.334143640515456e-19 6.71140637131475e-18 4.080685584865648e-17
1.0 2.562508938186386e-19 2.715132429945258e-18 1.8967588652194356e-17
2.0 5.706293969258818e-22 6.0461618610786456e-21 3.1996160002991206e-20
3.0 2.7500937722680036e-23 2.536130653003919e-22 1.3421149487309063e-21
4.0 5.852743301803126e-24 5.397387478764033e-23 3.770549987344987e-22
5.0 4.303689773085605e-24 3.9688535949596015e-23 3.1855739539514786e-22
6.0 1.9704886760670914e-24 1.581599636481312e-23 1.2694604341043316e-22
7.0 1.2600241140432427e-24 1.1619915696597396e-23 7.065169333677251e-23
8.0 7.307889090660622e-25 5.8656285974216146e-24 4.0976576020891947e-23
9.0 6.634197712570859e-25 5.32489469134604e-24 4.2739913253109296e-23
10.0 6.174118158811889e-25 4.95561489602643e-24 2.6225008653370844e-23
11.0 3.3642250769013217e-25 2.350207182835194e-24 1.42897867329773e-23
