0.1 2.3631403162559827e-16 2.5038893771503483e-15 4.623243800221577e-14
0.2 1.900934735821486e-15 2.0141547494820673e-14 1.129370796218957e-12
0.3 2.7820993079448307e-16 5.136937555801752e-15 1.8990809726110892e-13
0.4 8.980264427863453e-17 3.3199253677339784e-15 4.643623111660457e-14
0.5 5.002275321485102e-17 1.0612085909378949e-15 1.1244143648651011e-14
0.6 1.993421183408701e-17 3.203533130779402e-16 2.9542914691897612e-15
0.7 8.404259614149123e-18 1.175514804035943e-16 8.21200506156091e-16
0.8 3.2137199441473332e-18 3.405129680168781e-17 2.3787826467868463e-16
0.9 1.268222475217342e-18 1.343758033205187e-17 8.170350195280496e-17
1.0 5.130656348817519e-19 5.436239160764947e-18 3.305355323741175e-17
2.0 1.1425143906938985e-21 1.0536243516333867e-20 5.575757664531901e-20
3.0 4.792405222211435e-23 4.419545947207077e-22 2.6871830493682864e-21
4.0 7.726138545754043e-24 6.201333742124378e-23 3.770549987344987e-22
5.0 2.837503693536612e-24 3.006505922224547e-23 2.4131519919007917e-22
6.0 1.4926944853284433e-24 1.1981013055528588e-23 9.616480481949593e-23
7.0 1.0966734994249788e-24 8.802376938755698e-24 6.149234678002285e-23
8.0 7.307889090660622e-25 5.8656285974216146e-24 4.0976576020891947e-23
9.0 5.774134590151603e-25 4.6345707436417695e-24 3.719907397803851e-23
10.0 6.174118158811889e-25 5.693758691332724e-24 5.250772207664581e-23
11.0 3.3642250769013217e-25 2.350207182835194e-24 1.42897867329773e-23
